old rules
1
2
3
4
5
6
7
8
9
10
11
12
13
14
15
16
17
18
19
20
21
22
23
24
25
26
27
28
29
30
31
32
33
34
35
36
37
38
39
40
41
42
43
44
45
46
47
48
49
50
51
52
53
54
55
56
57
58
59
60
61
62
63
64
65
66
67
68
69
70
71
72
73
74
75
76
77
78
79
80
81
82
83
84
85
86
87
88
89
90
91
92
93
94
95
96
97
98
99
100
101
102
103
104
105
106
107
108
109
110
111
112
113
114
115
116
117
118
119
120
121
122
123
124
125
126
127
128
new rules
1
65
33
97
17
81
49
113
2
66
34
98
18
82
50
114
3
67
35
99
19
83
51
115
4
68
36
100
20
84
52
116
5
69
37
101
21
85
53
117
6
70
38
102
22
86
54
118
7
71
39
103
23
87
55
119
8
72
40
104
24
88
56
120
9
73
41
105
25
89
57
121
10
74
42
106
26
90
58
122
11
75
43
107
27
91
59
123
12
76
44
108
28
92
60
124
13
77
45
109
29
93
61
125
14
78
46
110
30
94
62
126
15
79
47
111
31
95
63
127
16
80
48
112
32
96
64
128
