old rules
1
2
3
4
5
6
7
8
9
10
11
12
13
14
15
16
17
18
19
20
21
22
23
24
25
26
27
28
29
30
31
32
33
34
35
36
37
38
39
40
41
42
43
44
45
46
47
48
49
50
51
52
53
54
55
56
57
58
59
60
61
62
63
64
65
66
67
68
69
70
71
72
73
74
75
76
77
78
79
80
81
82
83
84
85
86
87
88
89
90
91
92
93
94
95
96
97
98
99
100
101
102
103
104
105
106
107
108
109
110
111
112
113
114
115
116
117
118
119
120
121
122
123
124
125
126
127
128
129
130
131
132
133
134
135
136
137
138
139
140
141
142
143
144
145
146
147
148
149
150
151
152
153
154
155
156
157
158
159
160
161
162
163
164
165
166
167
168
169
170
171
172
173
174
175
176
177
178
179
180
181
182
183
184
185
186
187
188
189
190
191
192
193
194
195
196
197
198
199
200
201
202
203
204
205
206
207
208
209
210
211
212
213
214
215
216
217
218
219
220
221
222
223
224
225
226
227
228
229
230
231
232
233
234
235
236
237
238
239
240
241
242
243
244
245
246
247
248
249
250
251
252
253
254
255
256
257
258
259
260
261
262
263
264
265
266
267
268
269
270
271
272
273
274
275
276
277
278
279
280
281
282
283
284
285
286
287
288
289
290
291
292
293
294
295
296
297
298
299
300
301
302
303
304
305
306
307
308
309
310
311
312
313
314
315
316
317
318
319
320
321
322
323
324
325
326
327
328
329
330
331
332
333
334
335
336
337
338
339
340
341
342
343
344
345
346
347
348
349
350
351
352
353
354
355
356
357
358
359
360
361
362
363
364
365
366
367
368
369
370
371
372
373
374
375
376
377
378
379
380
381
382
383
384
385
386
387
388
389
390
391
392
393
394
395
396
397
398
399
400
401
402
403
404
405
406
407
408
409
410
411
412
413
414
415
416
417
418
419
420
421
422
423
424
425
426
427
428
429
430
431
432
433
434
435
436
437
438
439
440
441
442
443
444
445
446
447
448
449
450
451
452
453
454
455
456
457
458
459
460
461
462
463
464
465
466
467
468
469
470
471
472
473
474
475
476
477
478
479
480
481
482
483
484
485
486
487
488
489
490
491
492
493
494
495
496
497
498
499
500
501
502
503
504
505
506
507
508
509
510
511
512
513
514
515
516
517
518
519
520
521
522
523
524
525
526
527
528
529
530
531
532
533
534
535
536
537
538
539
540
541
542
543
544
545
546
547
548
549
550
551
552
553
554
555
556
557
558
559
560
561
562
563
564
565
566
567
568
569
570
571
572
573
574
575
576
577
578
579
580
581
582
583
584
585
586
587
588
589
590
591
592
593
594
595
596
597
598
599
600
601
602
603
604
605
606
607
608
609
610
611
612
613
614
615
616
617
618
619
620
621
622
623
624
625
626
627
628
629
630
631
632
633
634
635
636
637
638
639
640
641
642
643
644
645
646
647
648
649
650
651
652
653
654
655
656
657
658
659
660
661
662
663
664
665
666
667
668
669
670
671
672
673
674
675
676
677
678
679
680
681
682
683
684
685
686
687
688
689
690
691
692
693
694
695
696
697
698
699
700
701
702
703
704
705
706
707
708
709
710
711
712
713
714
715
716
717
718
719
720
721
722
723
724
725
726
727
728
729
730
731
732
733
734
735
736
737
738
739
740
741
742
743
744
745
746
747
748
749
750
751
752
753
754
755
756
757
758
759
760
761
762
763
764
765
766
767
768
769
770
771
772
773
774
775
776
777
778
779
780
781
782
783
784
785
786
787
788
789
790
791
792
793
794
795
796
797
798
799
800
801
802
803
804
805
806
807
808
809
810
811
812
813
814
815
816
817
818
819
820
821
822
823
824
825
826
827
828
829
830
831
832
833
834
835
836
837
838
839
840
841
842
843
844
845
846
847
848
849
850
851
852
853
854
855
856
857
858
859
860
861
862
863
864
865
866
867
868
869
870
871
872
873
874
875
876
877
878
879
880
881
882
883
884
885
886
887
888
889
890
891
892
893
894
895
896
897
898
899
900
901
902
903
904
905
906
907
908
909
910
911
912
913
914
915
916
917
918
919
920
921
922
923
924
925
926
927
928
929
930
931
932
933
934
935
936
937
938
939
940
941
942
943
944
945
946
947
948
949
950
951
952
953
954
955
956
957
958
959
960
961
962
963
964
965
966
967
968
969
970
971
972
973
974
975
976
977
978
979
980
981
982
983
984
985
986
987
988
989
990
991
992
993
994
995
996
997
998
999
1000
1001
1002
1003
1004
1005
1006
1007
1008
1009
1010
1011
1012
1013
1014
1015
1016
1017
1018
1019
1020
1021
1022
1023
1024
1025
1026
1027
1028
1029
1030
1031
1032
1033
1034
1035
1036
1037
1038
1039
1040
1041
1042
1043
1044
1045
1046
1047
1048
1049
1050
1051
1052
1053
1054
1055
1056
1057
1058
1059
1060
1061
1062
1063
1064
1065
1066
1067
1068
1069
1070
1071
1072
1073
1074
1075
1076
1077
1078
1079
1080
1081
1082
1083
1084
1085
1086
1087
1088
1089
1090
1091
1092
1093
1094
1095
1096
1097
1098
1099
1100
1101
1102
1103
1104
1105
1106
1107
1108
1109
1110
1111
1112
1113
1114
1115
1116
1117
1118
1119
1120
1121
1122
1123
1124
1125
1126
1127
1128
1129
1130
1131
1132
1133
1134
1135
1136
1137
1138
1139
1140
1141
1142
1143
1144
1145
1146
1147
1148
1149
1150
1151
1152
1153
1154
1155
1156
1157
1158
1159
1160
1161
1162
1163
1164
1165
1166
1167
1168
1169
1170
1171
1172
1173
1174
1175
1176
1177
1178
1179
1180
1181
1182
1183
1184
1185
1186
1187
1188
1189
1190
1191
1192
1193
1194
1195
1196
1197
1198
1199
1200
1201
1202
1203
1204
1205
1206
1207
1208
1209
1210
1211
1212
1213
1214
1215
1216
1217
1218
1219
1220
1221
1222
1223
1224
1225
1226
1227
1228
1229
1230
1231
1232
1233
1234
1235
1236
1237
1238
1239
1240
1241
1242
1243
1244
1245
1246
1247
1248
1249
1250
1251
1252
1253
1254
1255
1256
1257
1258
1259
1260
1261
1262
1263
1264
1265
1266
1267
1268
1269
1270
1271
1272
1273
1274
1275
1276
1277
1278
1279
1280
1281
1282
1283
1284
1285
1286
1287
1288
1289
1290
1291
1292
1293
1294
1295
1296
1297
1298
1299
1300
1301
1302
1303
1304
1305
1306
1307
1308
1309
1310
1311
1312
1313
1314
1315
1316
1317
1318
1319
1320
1321
1322
1323
1324
1325
1326
1327
1328
1329
1330
1331
1332
1333
1334
1335
1336
1337
1338
1339
1340
1341
1342
1343
1344
1345
1346
1347
1348
1349
1350
1351
1352
1353
1354
1355
1356
1357
1358
1359
1360
1361
1362
1363
1364
1365
1366
1367
1368
1369
1370
1371
1372
1373
1374
1375
1376
1377
1378
1379
1380
1381
1382
1383
1384
1385
1386
1387
1388
1389
1390
1391
1392
1393
1394
1395
1396
1397
1398
1399
1400
1401
1402
1403
1404
1405
1406
1407
1408
1409
1410
1411
1412
1413
1414
1415
1416
1417
1418
1419
1420
1421
1422
1423
1424
1425
1426
1427
1428
1429
1430
1431
1432
1433
1434
1435
1436
1437
1438
1439
1440
1441
1442
1443
1444
1445
1446
1447
1448
1449
1450
1451
1452
1453
1454
1455
1456
1457
1458
1459
1460
1461
1462
1463
1464
1465
1466
1467
1468
1469
1470
1471
1472
1473
1474
1475
1476
1477
1478
1479
1480
1481
1482
1483
1484
1485
1486
1487
1488
1489
1490
1491
1492
1493
1494
1495
1496
1497
1498
1499
1500
1501
1502
1503
1504
1505
1506
1507
1508
1509
1510
1511
1512
1513
1514
1515
1516
1517
1518
1519
1520
1521
1522
1523
1524
1525
1526
1527
1528
1529
1530
1531
1532
1533
1534
1535
1536
1537
1538
1539
1540
1541
1542
1543
1544
1545
1546
1547
1548
1549
1550
1551
1552
1553
1554
1555
1556
1557
1558
1559
1560
1561
1562
1563
1564
1565
1566
1567
1568
1569
1570
1571
1572
1573
1574
1575
1576
1577
1578
1579
1580
1581
1582
1583
1584
1585
1586
1587
1588
1589
1590
1591
1592
1593
1594
1595
1596
1597
1598
1599
1600
1601
1602
1603
1604
1605
1606
1607
1608
1609
1610
1611
1612
1613
1614
1615
1616
1617
1618
1619
1620
1621
1622
1623
1624
1625
1626
1627
1628
1629
1630
1631
1632
1633
1634
1635
1636
1637
1638
1639
1640
1641
1642
1643
1644
1645
1646
1647
1648
1649
1650
1651
1652
1653
1654
1655
1656
1657
1658
1659
1660
1661
1662
1663
1664
1665
1666
1667
1668
1669
1670
1671
1672
1673
1674
1675
1676
1677
1678
1679
1680
1681
1682
1683
1684
1685
1686
1687
1688
1689
1690
1691
1692
1693
1694
1695
1696
1697
1698
1699
1700
1701
1702
1703
1704
1705
1706
1707
1708
1709
1710
1711
1712
1713
1714
1715
1716
1717
1718
1719
1720
1721
1722
1723
1724
1725
1726
1727
1728
1729
1730
1731
1732
1733
1734
1735
1736
1737
1738
1739
1740
1741
1742
1743
1744
1745
1746
1747
1748
1749
1750
1751
1752
1753
1754
1755
1756
1757
1758
1759
1760
1761
1762
1763
1764
1765
1766
1767
1768
1769
1770
1771
1772
1773
1774
1775
1776
1777
1778
1779
1780
1781
1782
1783
1784
1785
1786
1787
1788
1789
1790
1791
1792
1793
1794
1795
1796
1797
1798
1799
1800
1801
1802
1803
1804
1805
1806
1807
1808
1809
1810
1811
1812
1813
1814
1815
1816
1817
1818
1819
1820
1821
1822
1823
1824
1825
1826
1827
1828
1829
1830
1831
1832
1833
1834
1835
1836
1837
1838
1839
1840
1841
1842
1843
1844
1845
1846
1847
1848
1849
1850
1851
1852
1853
1854
1855
1856
1857
1858
1859
1860
1861
1862
1863
1864
1865
1866
1867
1868
1869
1870
1871
1872
1873
1874
1875
1876
1877
1878
1879
1880
1881
1882
1883
1884
1885
1886
1887
1888
1889
1890
1891
1892
1893
1894
1895
1896
1897
1898
1899
1900
1901
1902
1903
1904
1905
1906
1907
1908
1909
1910
1911
1912
1913
1914
1915
1916
1917
1918
1919
1920
1921
1922
1923
1924
1925
1926
1927
1928
1929
1930
1931
1932
1933
1934
1935
1936
1937
1938
1939
1940
1941
1942
1943
1944
1945
1946
1947
1948
1949
1950
1951
1952
1953
1954
1955
1956
1957
1958
1959
1960
1961
1962
1963
1964
1965
1966
1967
1968
1969
1970
1971
1972
1973
1974
1975
1976
1977
1978
1979
1980
1981
1982
1983
1984
1985
1986
1987
1988
1989
1990
1991
1992
1993
1994
1995
1996
1997
1998
1999
2000
2001
2002
2003
2004
2005
2006
2007
2008
2009
2010
2011
2012
2013
2014
2015
2016
2017
2018
2019
2020
2021
2022
2023
2024
2025
2026
2027
2028
2029
2030
2031
2032
2033
2034
2035
2036
2037
2038
2039
2040
2041
2042
2043
2044
2045
2046
2047
2048
new rules
1
1025
513
1537
257
1281
769
1793
2
1026
514
1538
258
1282
770
1794
3
1027
515
1539
259
1283
771
1795
4
1028
516
1540
260
1284
772
1796
5
1029
517
1541
261
1285
773
1797
6
1030
518
1542
262
1286
774
1798
7
1031
519
1543
263
1287
775
1799
8
1032
520
1544
264
1288
776
1800
9
1033
521
1545
265
1289
777
1801
10
1034
522
1546
266
1290
778
1802
11
1035
523
1547
267
1291
779
1803
12
1036
524
1548
268
1292
780
1804
13
1037
525
1549
269
1293
781
1805
14
1038
526
1550
270
1294
782
1806
15
1039
527
1551
271
1295
783
1807
16
1040
528
1552
272
1296
784
1808
17
1041
529
1553
273
1297
785
1809
18
1042
530
1554
274
1298
786
1810
19
1043
531
1555
275
1299
787
1811
20
1044
532
1556
276
1300
788
1812
21
1045
533
1557
277
1301
789
1813
22
1046
534
1558
278
1302
790
1814
23
1047
535
1559
279
1303
791
1815
24
1048
536
1560
280
1304
792
1816
25
1049
537
1561
281
1305
793
1817
26
1050
538
1562
282
1306
794
1818
27
1051
539
1563
283
1307
795
1819
28
1052
540
1564
284
1308
796
1820
29
1053
541
1565
285
1309
797
1821
30
1054
542
1566
286
1310
798
1822
31
1055
543
1567
287
1311
799
1823
32
1056
544
1568
288
1312
800
1824
33
1057
545
1569
289
1313
801
1825
34
1058
546
1570
290
1314
802
1826
35
1059
547
1571
291
1315
803
1827
36
1060
548
1572
292
1316
804
1828
37
1061
549
1573
293
1317
805
1829
38
1062
550
1574
294
1318
806
1830
39
1063
551
1575
295
1319
807
1831
40
1064
552
1576
296
1320
808
1832
41
1065
553
1577
297
1321
809
1833
42
1066
554
1578
298
1322
810
1834
43
1067
555
1579
299
1323
811
1835
44
1068
556
1580
300
1324
812
1836
45
1069
557
1581
301
1325
813
1837
46
1070
558
1582
302
1326
814
1838
47
1071
559
1583
303
1327
815
1839
48
1072
560
1584
304
1328
816
1840
49
1073
561
1585
305
1329
817
1841
50
1074
562
1586
306
1330
818
1842
51
1075
563
1587
307
1331
819
1843
52
1076
564
1588
308
1332
820
1844
53
1077
565
1589
309
1333
821
1845
54
1078
566
1590
310
1334
822
1846
55
1079
567
1591
311
1335
823
1847
56
1080
568
1592
312
1336
824
1848
57
1081
569
1593
313
1337
825
1849
58
1082
570
1594
314
1338
826
1850
59
1083
571
1595
315
1339
827
1851
60
1084
572
1596
316
1340
828
1852
61
1085
573
1597
317
1341
829
1853
62
1086
574
1598
318
1342
830
1854
63
1087
575
1599
319
1343
831
1855
64
1088
576
1600
320
1344
832
1856
65
1089
577
1601
321
1345
833
1857
66
1090
578
1602
322
1346
834
1858
67
1091
579
1603
323
1347
835
1859
68
1092
580
1604
324
1348
836
1860
69
1093
581
1605
325
1349
837
1861
70
1094
582
1606
326
1350
838
1862
71
1095
583
1607
327
1351
839
1863
72
1096
584
1608
328
1352
840
1864
73
1097
585
1609
329
1353
841
1865
74
1098
586
1610
330
1354
842
1866
75
1099
587
1611
331
1355
843
1867
76
1100
588
1612
332
1356
844
1868
77
1101
589
1613
333
1357
845
1869
78
1102
590
1614
334
1358
846
1870
79
1103
591
1615
335
1359
847
1871
80
1104
592
1616
336
1360
848
1872
81
1105
593
1617
337
1361
849
1873
82
1106
594
1618
338
1362
850
1874
83
1107
595
1619
339
1363
851
1875
84
1108
596
1620
340
1364
852
1876
85
1109
597
1621
341
1365
853
1877
86
1110
598
1622
342
1366
854
1878
87
1111
599
1623
343
1367
855
1879
88
1112
600
1624
344
1368
856
1880
89
1113
601
1625
345
1369
857
1881
90
1114
602
1626
346
1370
858
1882
91
1115
603
1627
347
1371
859
1883
92
1116
604
1628
348
1372
860
1884
93
1117
605
1629
349
1373
861
1885
94
1118
606
1630
350
1374
862
1886
95
1119
607
1631
351
1375
863
1887
96
1120
608
1632
352
1376
864
1888
97
1121
609
1633
353
1377
865
1889
98
1122
610
1634
354
1378
866
1890
99
1123
611
1635
355
1379
867
1891
100
1124
612
1636
356
1380
868
1892
101
1125
613
1637
357
1381
869
1893
102
1126
614
1638
358
1382
870
1894
103
1127
615
1639
359
1383
871
1895
104
1128
616
1640
360
1384
872
1896
105
1129
617
1641
361
1385
873
1897
106
1130
618
1642
362
1386
874
1898
107
1131
619
1643
363
1387
875
1899
108
1132
620
1644
364
1388
876
1900
109
1133
621
1645
365
1389
877
1901
110
1134
622
1646
366
1390
878
1902
111
1135
623
1647
367
1391
879
1903
112
1136
624
1648
368
1392
880
1904
113
1137
625
1649
369
1393
881
1905
114
1138
626
1650
370
1394
882
1906
115
1139
627
1651
371
1395
883
1907
116
1140
628
1652
372
1396
884
1908
117
1141
629
1653
373
1397
885
1909
118
1142
630
1654
374
1398
886
1910
119
1143
631
1655
375
1399
887
1911
120
1144
632
1656
376
1400
888
1912
121
1145
633
1657
377
1401
889
1913
122
1146
634
1658
378
1402
890
1914
123
1147
635
1659
379
1403
891
1915
124
1148
636
1660
380
1404
892
1916
125
1149
637
1661
381
1405
893
1917
126
1150
638
1662
382
1406
894
1918
127
1151
639
1663
383
1407
895
1919
128
1152
640
1664
384
1408
896
1920
129
1153
641
1665
385
1409
897
1921
130
1154
642
1666
386
1410
898
1922
131
1155
643
1667
387
1411
899
1923
132
1156
644
1668
388
1412
900
1924
133
1157
645
1669
389
1413
901
1925
134
1158
646
1670
390
1414
902
1926
135
1159
647
1671
391
1415
903
1927
136
1160
648
1672
392
1416
904
1928
137
1161
649
1673
393
1417
905
1929
138
1162
650
1674
394
1418
906
1930
139
1163
651
1675
395
1419
907
1931
140
1164
652
1676
396
1420
908
1932
141
1165
653
1677
397
1421
909
1933
142
1166
654
1678
398
1422
910
1934
143
1167
655
1679
399
1423
911
1935
144
1168
656
1680
400
1424
912
1936
145
1169
657
1681
401
1425
913
1937
146
1170
658
1682
402
1426
914
1938
147
1171
659
1683
403
1427
915
1939
148
1172
660
1684
404
1428
916
1940
149
1173
661
1685
405
1429
917
1941
150
1174
662
1686
406
1430
918
1942
151
1175
663
1687
407
1431
919
1943
152
1176
664
1688
408
1432
920
1944
153
1177
665
1689
409
1433
921
1945
154
1178
666
1690
410
1434
922
1946
155
1179
667
1691
411
1435
923
1947
156
1180
668
1692
412
1436
924
1948
157
1181
669
1693
413
1437
925
1949
158
1182
670
1694
414
1438
926
1950
159
1183
671
1695
415
1439
927
1951
160
1184
672
1696
416
1440
928
1952
161
1185
673
1697
417
1441
929
1953
162
1186
674
1698
418
1442
930
1954
163
1187
675
1699
419
1443
931
1955
164
1188
676
1700
420
1444
932
1956
165
1189
677
1701
421
1445
933
1957
166
1190
678
1702
422
1446
934
1958
167
1191
679
1703
423
1447
935
1959
168
1192
680
1704
424
1448
936
1960
169
1193
681
1705
425
1449
937
1961
170
1194
682
1706
426
1450
938
1962
171
1195
683
1707
427
1451
939
1963
172
1196
684
1708
428
1452
940
1964
173
1197
685
1709
429
1453
941
1965
174
1198
686
1710
430
1454
942
1966
175
1199
687
1711
431
1455
943
1967
176
1200
688
1712
432
1456
944
1968
177
1201
689
1713
433
1457
945
1969
178
1202
690
1714
434
1458
946
1970
179
1203
691
1715
435
1459
947
1971
180
1204
692
1716
436
1460
948
1972
181
1205
693
1717
437
1461
949
1973
182
1206
694
1718
438
1462
950
1974
183
1207
695
1719
439
1463
951
1975
184
1208
696
1720
440
1464
952
1976
185
1209
697
1721
441
1465
953
1977
186
1210
698
1722
442
1466
954
1978
187
1211
699
1723
443
1467
955
1979
188
1212
700
1724
444
1468
956
1980
189
1213
701
1725
445
1469
957
1981
190
1214
702
1726
446
1470
958
1982
191
1215
703
1727
447
1471
959
1983
192
1216
704
1728
448
1472
960
1984
193
1217
705
1729
449
1473
961
1985
194
1218
706
1730
450
1474
962
1986
195
1219
707
1731
451
1475
963
1987
196
1220
708
1732
452
1476
964
1988
197
1221
709
1733
453
1477
965
1989
198
1222
710
1734
454
1478
966
1990
199
1223
711
1735
455
1479
967
1991
200
1224
712
1736
456
1480
968
1992
201
1225
713
1737
457
1481
969
1993
202
1226
714
1738
458
1482
970
1994
203
1227
715
1739
459
1483
971
1995
204
1228
716
1740
460
1484
972
1996
205
1229
717
1741
461
1485
973
1997
206
1230
718
1742
462
1486
974
1998
207
1231
719
1743
463
1487
975
1999
208
1232
720
1744
464
1488
976
2000
209
1233
721
1745
465
1489
977
2001
210
1234
722
1746
466
1490
978
2002
211
1235
723
1747
467
1491
979
2003
212
1236
724
1748
468
1492
980
2004
213
1237
725
1749
469
1493
981
2005
214
1238
726
1750
470
1494
982
2006
215
1239
727
1751
471
1495
983
2007
216
1240
728
1752
472
1496
984
2008
217
1241
729
1753
473
1497
985
2009
218
1242
730
1754
474
1498
986
2010
219
1243
731
1755
475
1499
987
2011
220
1244
732
1756
476
1500
988
2012
221
1245
733
1757
477
1501
989
2013
222
1246
734
1758
478
1502
990
2014
223
1247
735
1759
479
1503
991
2015
224
1248
736
1760
480
1504
992
2016
225
1249
737
1761
481
1505
993
2017
226
1250
738
1762
482
1506
994
2018
227
1251
739
1763
483
1507
995
2019
228
1252
740
1764
484
1508
996
2020
229
1253
741
1765
485
1509
997
2021
230
1254
742
1766
486
1510
998
2022
231
1255
743
1767
487
1511
999
2023
232
1256
744
1768
488
1512
1000
2024
233
1257
745
1769
489
1513
1001
2025
234
1258
746
1770
490
1514
1002
2026
235
1259
747
1771
491
1515
1003
2027
236
1260
748
1772
492
1516
1004
2028
237
1261
749
1773
493
1517
1005
2029
238
1262
750
1774
494
1518
1006
2030
239
1263
751
1775
495
1519
1007
2031
240
1264
752
1776
496
1520
1008
2032
241
1265
753
1777
497
1521
1009
2033
242
1266
754
1778
498
1522
1010
2034
243
1267
755
1779
499
1523
1011
2035
244
1268
756
1780
500
1524
1012
2036
245
1269
757
1781
501
1525
1013
2037
246
1270
758
1782
502
1526
1014
2038
247
1271
759
1783
503
1527
1015
2039
248
1272
760
1784
504
1528
1016
2040
249
1273
761
1785
505
1529
1017
2041
250
1274
762
1786
506
1530
1018
2042
251
1275
763
1787
507
1531
1019
2043
252
1276
764
1788
508
1532
1020
2044
253
1277
765
1789
509
1533
1021
2045
254
1278
766
1790
510
1534
1022
2046
255
1279
767
1791
511
1535
1023
2047
256
1280
768
1792
512
1536
1024
2048
