old rules
1
2
3
4
5
6
7
8
9
10
11
12
13
14
15
16
17
18
19
20
21
22
23
24
25
26
27
28
29
30
31
32
33
34
35
36
37
38
39
40
41
42
43
44
45
46
47
48
49
50
51
52
53
54
55
56
57
58
59
60
61
62
63
64
65
66
67
68
69
70
71
72
73
74
75
76
77
78
79
80
81
82
83
84
85
86
87
88
89
90
91
92
93
94
95
96
97
98
99
100
101
102
103
104
105
106
107
108
109
110
111
112
113
114
115
116
117
118
119
120
121
122
123
124
125
126
127
128
129
130
131
132
133
134
135
136
137
138
139
140
141
142
143
144
145
146
147
148
149
150
151
152
153
154
155
156
157
158
159
160
161
162
163
164
165
166
167
168
169
170
171
172
173
174
175
176
177
178
179
180
181
182
183
184
185
186
187
188
189
190
191
192
193
194
195
196
197
198
199
200
201
202
203
204
205
206
207
208
209
210
211
212
213
214
215
216
217
218
219
220
221
222
223
224
225
226
227
228
229
230
231
232
233
234
235
236
237
238
239
240
241
242
243
244
245
246
247
248
249
250
251
252
253
254
255
256
257
258
259
260
261
262
263
264
265
266
267
268
269
270
271
272
273
274
275
276
277
278
279
280
281
282
283
284
285
286
287
288
289
290
291
292
293
294
295
296
297
298
299
300
301
302
303
304
305
306
307
308
309
310
311
312
313
314
315
316
317
318
319
320
321
322
323
324
325
326
327
328
329
330
331
332
333
334
335
336
337
338
339
340
341
342
343
344
345
346
347
348
349
350
351
352
353
354
355
356
357
358
359
360
361
362
363
364
365
366
367
368
369
370
371
372
373
374
375
376
377
378
379
380
381
382
383
384
385
386
387
388
389
390
391
392
393
394
395
396
397
398
399
400
401
402
403
404
405
406
407
408
409
410
411
412
413
414
415
416
417
418
419
420
421
422
423
424
425
426
427
428
429
430
431
432
433
434
435
436
437
438
439
440
441
442
443
444
445
446
447
448
449
450
451
452
453
454
455
456
457
458
459
460
461
462
463
464
465
466
467
468
469
470
471
472
473
474
475
476
477
478
479
480
481
482
483
484
485
486
487
488
489
490
491
492
493
494
495
496
497
498
499
500
501
502
503
504
505
506
507
508
509
510
511
512
513
514
515
516
517
518
519
520
521
522
523
524
525
526
527
528
529
530
531
532
533
534
535
536
537
538
539
540
541
542
543
544
545
546
547
548
549
550
551
552
553
554
555
556
557
558
559
560
561
562
563
564
565
566
567
568
569
570
571
572
573
574
575
576
577
578
579
580
581
582
583
584
585
586
587
588
589
590
591
592
593
594
595
596
597
598
599
600
601
602
603
604
605
606
607
608
609
610
611
612
613
614
615
616
617
618
619
620
621
622
623
624
625
626
627
628
629
630
631
632
633
634
635
636
637
638
639
640
641
642
643
644
645
646
647
648
649
650
651
652
653
654
655
656
657
658
659
660
661
662
663
664
665
666
667
668
669
670
671
672
673
674
675
676
677
678
679
680
681
682
683
684
685
686
687
688
689
690
691
692
693
694
695
696
697
698
699
700
701
702
703
704
705
706
707
708
709
710
711
712
713
714
715
716
717
718
719
720
721
722
723
724
725
726
727
728
729
730
731
732
733
734
735
736
737
738
739
740
741
742
743
744
745
746
747
748
749
750
751
752
753
754
755
756
757
758
759
760
761
762
763
764
765
766
767
768
769
770
771
772
773
774
775
776
777
778
779
780
781
782
783
784
785
786
787
788
789
790
791
792
793
794
795
796
797
798
799
800
801
802
803
804
805
806
807
808
809
810
811
812
813
814
815
816
817
818
819
820
821
822
823
824
825
826
827
828
829
830
831
832
833
834
835
836
837
838
839
840
841
842
843
844
845
846
847
848
849
850
851
852
853
854
855
856
857
858
859
860
861
862
863
864
865
866
867
868
869
870
871
872
873
874
875
876
877
878
879
880
881
882
883
884
885
886
887
888
889
890
891
892
893
894
895
896
897
898
899
900
901
902
903
904
905
906
907
908
909
910
911
912
913
914
915
916
917
918
919
920
921
922
923
924
925
926
927
928
929
930
931
932
933
934
935
936
937
938
939
940
941
942
943
944
945
946
947
948
949
950
951
952
953
954
955
956
957
958
959
960
961
962
963
964
965
966
967
968
969
970
971
972
973
974
975
976
977
978
979
980
981
982
983
984
985
986
987
988
989
990
991
992
993
994
995
996
997
998
999
1000
1001
1002
1003
1004
1005
1006
1007
1008
1009
1010
1011
1012
1013
1014
1015
1016
1017
1018
1019
1020
1021
1022
1023
1024
1025
1026
1027
1028
1029
1030
1031
1032
1033
1034
1035
1036
1037
1038
1039
1040
1041
1042
1043
1044
1045
1046
1047
1048
1049
1050
1051
1052
1053
1054
1055
1056
1057
1058
1059
1060
1061
1062
1063
1064
1065
1066
1067
1068
1069
1070
1071
1072
1073
1074
1075
1076
1077
1078
1079
1080
1081
1082
1083
1084
1085
1086
1087
1088
1089
1090
1091
1092
1093
1094
1095
1096
1097
1098
1099
1100
1101
1102
1103
1104
1105
1106
1107
1108
1109
1110
1111
1112
1113
1114
1115
1116
1117
1118
1119
1120
1121
1122
1123
1124
1125
1126
1127
1128
1129
1130
1131
1132
1133
1134
1135
1136
1137
1138
1139
1140
1141
1142
1143
1144
1145
1146
1147
1148
1149
1150
1151
1152
1153
1154
1155
1156
1157
1158
1159
1160
1161
1162
1163
1164
1165
1166
1167
1168
1169
1170
1171
1172
1173
1174
1175
1176
1177
1178
1179
1180
1181
1182
1183
1184
1185
1186
1187
1188
1189
1190
1191
1192
1193
1194
1195
1196
1197
1198
1199
1200
1201
1202
1203
1204
1205
1206
1207
1208
1209
1210
1211
1212
1213
1214
1215
1216
1217
1218
1219
1220
1221
1222
1223
1224
1225
1226
1227
1228
1229
1230
1231
1232
1233
1234
1235
1236
1237
1238
1239
1240
1241
1242
1243
1244
1245
1246
1247
1248
1249
1250
1251
1252
1253
1254
1255
1256
1257
1258
1259
1260
1261
1262
1263
1264
1265
1266
1267
1268
1269
1270
1271
1272
1273
1274
1275
1276
1277
1278
1279
1280
1281
1282
1283
1284
1285
1286
1287
1288
1289
1290
1291
1292
1293
1294
1295
1296
1297
1298
1299
1300
1301
1302
1303
1304
1305
1306
1307
1308
1309
1310
1311
1312
1313
1314
1315
1316
1317
1318
1319
1320
1321
1322
1323
1324
1325
1326
1327
1328
1329
1330
1331
1332
1333
1334
1335
1336
1337
1338
1339
1340
1341
1342
1343
1344
1345
1346
1347
1348
1349
1350
1351
1352
1353
1354
1355
1356
1357
1358
1359
1360
1361
1362
1363
1364
1365
1366
1367
1368
1369
1370
1371
1372
1373
1374
1375
1376
1377
1378
1379
1380
1381
1382
1383
1384
1385
1386
1387
1388
1389
1390
1391
1392
1393
1394
1395
1396
1397
1398
1399
1400
1401
1402
1403
1404
1405
1406
1407
1408
1409
1410
1411
1412
1413
1414
1415
1416
1417
1418
1419
1420
1421
1422
1423
1424
1425
1426
1427
1428
1429
1430
1431
1432
1433
1434
1435
1436
1437
1438
1439
1440
1441
1442
1443
1444
1445
1446
1447
1448
1449
1450
1451
1452
1453
1454
1455
1456
1457
1458
1459
1460
1461
1462
1463
1464
1465
1466
1467
1468
1469
1470
1471
1472
1473
1474
1475
1476
1477
1478
1479
1480
1481
1482
1483
1484
1485
1486
1487
1488
1489
1490
1491
1492
1493
1494
1495
1496
1497
1498
1499
1500
1501
1502
1503
1504
1505
1506
1507
1508
1509
1510
1511
1512
1513
1514
1515
1516
1517
1518
1519
1520
1521
1522
1523
1524
1525
1526
1527
1528
1529
1530
1531
1532
1533
1534
1535
1536
1537
1538
1539
1540
1541
1542
1543
1544
1545
1546
1547
1548
1549
1550
1551
1552
1553
1554
1555
1556
1557
1558
1559
1560
1561
1562
1563
1564
1565
1566
1567
1568
1569
1570
1571
1572
1573
1574
1575
1576
1577
1578
1579
1580
1581
1582
1583
1584
1585
1586
1587
1588
1589
1590
1591
1592
1593
1594
1595
1596
1597
1598
1599
1600
1601
1602
1603
1604
1605
1606
1607
1608
1609
1610
1611
1612
1613
1614
1615
1616
1617
1618
1619
1620
1621
1622
1623
1624
1625
1626
1627
1628
1629
1630
1631
1632
1633
1634
1635
1636
1637
1638
1639
1640
1641
1642
1643
1644
1645
1646
1647
1648
1649
1650
1651
1652
1653
1654
1655
1656
1657
1658
1659
1660
1661
1662
1663
1664
1665
1666
1667
1668
1669
1670
1671
1672
1673
1674
1675
1676
1677
1678
1679
1680
1681
1682
1683
1684
1685
1686
1687
1688
1689
1690
1691
1692
1693
1694
1695
1696
1697
1698
1699
1700
1701
1702
1703
1704
1705
1706
1707
1708
1709
1710
1711
1712
1713
1714
1715
1716
1717
1718
1719
1720
1721
1722
1723
1724
1725
1726
1727
1728
1729
1730
1731
1732
1733
1734
1735
1736
1737
1738
1739
1740
1741
1742
1743
1744
1745
1746
1747
1748
1749
1750
1751
1752
1753
1754
1755
1756
1757
1758
1759
1760
1761
1762
1763
1764
1765
1766
1767
1768
1769
1770
1771
1772
1773
1774
1775
1776
1777
1778
1779
1780
1781
1782
1783
1784
1785
1786
1787
1788
1789
1790
1791
1792
1793
1794
1795
1796
1797
1798
1799
1800
1801
1802
1803
1804
1805
1806
1807
1808
1809
1810
1811
1812
1813
1814
1815
1816
1817
1818
1819
1820
1821
1822
1823
1824
1825
1826
1827
1828
1829
1830
1831
1832
1833
1834
1835
1836
1837
1838
1839
1840
1841
1842
1843
1844
1845
1846
1847
1848
1849
1850
1851
1852
1853
1854
1855
1856
1857
1858
1859
1860
1861
1862
1863
1864
1865
1866
1867
1868
1869
1870
1871
1872
1873
1874
1875
1876
1877
1878
1879
1880
1881
1882
1883
1884
1885
1886
1887
1888
1889
1890
1891
1892
1893
1894
1895
1896
1897
1898
1899
1900
1901
1902
1903
1904
1905
1906
1907
1908
1909
1910
1911
1912
1913
1914
1915
1916
1917
1918
1919
1920
1921
1922
1923
1924
1925
1926
1927
1928
1929
1930
1931
1932
1933
1934
1935
1936
1937
1938
1939
1940
1941
1942
1943
1944
1945
1946
1947
1948
1949
1950
1951
1952
1953
1954
1955
1956
1957
1958
1959
1960
1961
1962
1963
1964
1965
1966
1967
1968
1969
1970
1971
1972
1973
1974
1975
1976
1977
1978
1979
1980
1981
1982
1983
1984
1985
1986
1987
1988
1989
1990
1991
1992
1993
1994
1995
1996
1997
1998
1999
2000
2001
2002
2003
2004
2005
2006
2007
2008
2009
2010
2011
2012
2013
2014
2015
2016
2017
2018
2019
2020
2021
2022
2023
2024
2025
2026
2027
2028
2029
2030
2031
2032
2033
2034
2035
2036
2037
2038
2039
2040
2041
2042
2043
2044
2045
2046
2047
2048
2049
2050
2051
2052
2053
2054
2055
2056
2057
2058
2059
2060
2061
2062
2063
2064
2065
2066
2067
2068
2069
2070
2071
2072
2073
2074
2075
2076
2077
2078
2079
2080
2081
2082
2083
2084
2085
2086
2087
2088
2089
2090
2091
2092
2093
2094
2095
2096
2097
2098
2099
2100
2101
2102
2103
2104
2105
2106
2107
2108
2109
2110
2111
2112
2113
2114
2115
2116
2117
2118
2119
2120
2121
2122
2123
2124
2125
2126
2127
2128
2129
2130
2131
2132
2133
2134
2135
2136
2137
2138
2139
2140
2141
2142
2143
2144
2145
2146
2147
2148
2149
2150
2151
2152
2153
2154
2155
2156
2157
2158
2159
2160
2161
2162
2163
2164
2165
2166
2167
2168
2169
2170
2171
2172
2173
2174
2175
2176
2177
2178
2179
2180
2181
2182
2183
2184
2185
2186
2187
2188
2189
2190
2191
2192
2193
2194
2195
2196
2197
2198
2199
2200
2201
2202
2203
2204
2205
2206
2207
2208
2209
2210
2211
2212
2213
2214
2215
2216
2217
2218
2219
2220
2221
2222
2223
2224
2225
2226
2227
2228
2229
2230
2231
2232
2233
2234
2235
2236
2237
2238
2239
2240
2241
2242
2243
2244
2245
2246
2247
2248
2249
2250
2251
2252
2253
2254
2255
2256
2257
2258
2259
2260
2261
2262
2263
2264
2265
2266
2267
2268
2269
2270
2271
2272
2273
2274
2275
2276
2277
2278
2279
2280
2281
2282
2283
2284
2285
2286
2287
2288
2289
2290
2291
2292
2293
2294
2295
2296
2297
2298
2299
2300
2301
2302
2303
2304
2305
2306
2307
2308
2309
2310
2311
2312
2313
2314
2315
2316
2317
2318
2319
2320
2321
2322
2323
2324
2325
2326
2327
2328
2329
2330
2331
2332
2333
2334
2335
2336
2337
2338
2339
2340
2341
2342
2343
2344
2345
2346
2347
2348
2349
2350
2351
2352
2353
2354
2355
2356
2357
2358
2359
2360
2361
2362
2363
2364
2365
2366
2367
2368
2369
2370
2371
2372
2373
2374
2375
2376
2377
2378
2379
2380
2381
2382
2383
2384
2385
2386
2387
2388
2389
2390
2391
2392
2393
2394
2395
2396
2397
2398
2399
2400
2401
2402
2403
2404
2405
2406
2407
2408
2409
2410
2411
2412
2413
2414
2415
2416
2417
2418
2419
2420
2421
2422
2423
2424
2425
2426
2427
2428
2429
2430
2431
2432
2433
2434
2435
2436
2437
2438
2439
2440
2441
2442
2443
2444
2445
2446
2447
2448
2449
2450
2451
2452
2453
2454
2455
2456
2457
2458
2459
2460
2461
2462
2463
2464
2465
2466
2467
2468
2469
2470
2471
2472
2473
2474
2475
2476
2477
2478
2479
2480
2481
2482
2483
2484
2485
2486
2487
2488
2489
2490
2491
2492
2493
2494
2495
2496
2497
2498
2499
2500
2501
2502
2503
2504
2505
2506
2507
2508
2509
2510
2511
2512
2513
2514
2515
2516
2517
2518
2519
2520
2521
2522
2523
2524
2525
2526
2527
2528
2529
2530
2531
2532
2533
2534
2535
2536
2537
2538
2539
2540
2541
2542
2543
2544
2545
2546
2547
2548
2549
2550
2551
2552
2553
2554
2555
2556
2557
2558
2559
2560
2561
2562
2563
2564
2565
2566
2567
2568
2569
2570
2571
2572
2573
2574
2575
2576
2577
2578
2579
2580
2581
2582
2583
2584
2585
2586
2587
2588
2589
2590
2591
2592
2593
2594
2595
2596
2597
2598
2599
2600
2601
2602
2603
2604
2605
2606
2607
2608
2609
2610
2611
2612
2613
2614
2615
2616
2617
2618
2619
2620
2621
2622
2623
2624
2625
2626
2627
2628
2629
2630
2631
2632
2633
2634
2635
2636
2637
2638
2639
2640
2641
2642
2643
2644
2645
2646
2647
2648
2649
2650
2651
2652
2653
2654
2655
2656
2657
2658
2659
2660
2661
2662
2663
2664
2665
2666
2667
2668
2669
2670
2671
2672
2673
2674
2675
2676
2677
2678
2679
2680
2681
2682
2683
2684
2685
2686
2687
2688
2689
2690
2691
2692
2693
2694
2695
2696
2697
2698
2699
2700
2701
2702
2703
2704
2705
2706
2707
2708
2709
2710
2711
2712
2713
2714
2715
2716
2717
2718
2719
2720
2721
2722
2723
2724
2725
2726
2727
2728
2729
2730
2731
2732
2733
2734
2735
2736
2737
2738
2739
2740
2741
2742
2743
2744
2745
2746
2747
2748
2749
2750
2751
2752
2753
2754
2755
2756
2757
2758
2759
2760
2761
2762
2763
2764
2765
2766
2767
2768
2769
2770
2771
2772
2773
2774
2775
2776
2777
2778
2779
2780
2781
2782
2783
2784
2785
2786
2787
2788
2789
2790
2791
2792
2793
2794
2795
2796
2797
2798
2799
2800
2801
2802
2803
2804
2805
2806
2807
2808
2809
2810
2811
2812
2813
2814
2815
2816
2817
2818
2819
2820
2821
2822
2823
2824
2825
2826
2827
2828
2829
2830
2831
2832
2833
2834
2835
2836
2837
2838
2839
2840
2841
2842
2843
2844
2845
2846
2847
2848
2849
2850
2851
2852
2853
2854
2855
2856
2857
2858
2859
2860
2861
2862
2863
2864
2865
2866
2867
2868
2869
2870
2871
2872
2873
2874
2875
2876
2877
2878
2879
2880
2881
2882
2883
2884
2885
2886
2887
2888
2889
2890
2891
2892
2893
2894
2895
2896
2897
2898
2899
2900
2901
2902
2903
2904
2905
2906
2907
2908
2909
2910
2911
2912
2913
2914
2915
2916
2917
2918
2919
2920
2921
2922
2923
2924
2925
2926
2927
2928
2929
2930
2931
2932
2933
2934
2935
2936
2937
2938
2939
2940
2941
2942
2943
2944
2945
2946
2947
2948
2949
2950
2951
2952
2953
2954
2955
2956
2957
2958
2959
2960
2961
2962
2963
2964
2965
2966
2967
2968
2969
2970
2971
2972
2973
2974
2975
2976
2977
2978
2979
2980
2981
2982
2983
2984
2985
2986
2987
2988
2989
2990
2991
2992
2993
2994
2995
2996
2997
2998
2999
3000
3001
3002
3003
3004
3005
3006
3007
3008
3009
3010
3011
3012
3013
3014
3015
3016
3017
3018
3019
3020
3021
3022
3023
3024
3025
3026
3027
3028
3029
3030
3031
3032
3033
3034
3035
3036
3037
3038
3039
3040
3041
3042
3043
3044
3045
3046
3047
3048
3049
3050
3051
3052
3053
3054
3055
3056
3057
3058
3059
3060
3061
3062
3063
3064
3065
3066
3067
3068
3069
3070
3071
3072
3073
3074
3075
3076
3077
3078
3079
3080
3081
3082
3083
3084
3085
3086
3087
3088
3089
3090
3091
3092
3093
3094
3095
3096
3097
3098
3099
3100
3101
3102
3103
3104
3105
3106
3107
3108
3109
3110
3111
3112
3113
3114
3115
3116
3117
3118
3119
3120
3121
3122
3123
3124
3125
3126
3127
3128
3129
3130
3131
3132
3133
3134
3135
3136
3137
3138
3139
3140
3141
3142
3143
3144
3145
3146
3147
3148
3149
3150
3151
3152
3153
3154
3155
3156
3157
3158
3159
3160
3161
3162
3163
3164
3165
3166
3167
3168
3169
3170
3171
3172
3173
3174
3175
3176
3177
3178
3179
3180
3181
3182
3183
3184
3185
3186
3187
3188
3189
3190
3191
3192
3193
3194
3195
3196
3197
3198
3199
3200
3201
3202
3203
3204
3205
3206
3207
3208
3209
3210
3211
3212
3213
3214
3215
3216
3217
3218
3219
3220
3221
3222
3223
3224
3225
3226
3227
3228
3229
3230
3231
3232
3233
3234
3235
3236
3237
3238
3239
3240
3241
3242
3243
3244
3245
3246
3247
3248
3249
3250
3251
3252
3253
3254
3255
3256
3257
3258
3259
3260
3261
3262
3263
3264
3265
3266
3267
3268
3269
3270
3271
3272
3273
3274
3275
3276
3277
3278
3279
3280
3281
3282
3283
3284
3285
3286
3287
3288
3289
3290
3291
3292
3293
3294
3295
3296
3297
3298
3299
3300
3301
3302
3303
3304
3305
3306
3307
3308
3309
3310
3311
3312
3313
3314
3315
3316
3317
3318
3319
3320
3321
3322
3323
3324
3325
3326
3327
3328
3329
3330
3331
3332
3333
3334
3335
3336
3337
3338
3339
3340
3341
3342
3343
3344
3345
3346
3347
3348
3349
3350
3351
3352
3353
3354
3355
3356
3357
3358
3359
3360
3361
3362
3363
3364
3365
3366
3367
3368
3369
3370
3371
3372
3373
3374
3375
3376
3377
3378
3379
3380
3381
3382
3383
3384
3385
3386
3387
3388
3389
3390
3391
3392
3393
3394
3395
3396
3397
3398
3399
3400
3401
3402
3403
3404
3405
3406
3407
3408
3409
3410
3411
3412
3413
3414
3415
3416
3417
3418
3419
3420
3421
3422
3423
3424
3425
3426
3427
3428
3429
3430
3431
3432
3433
3434
3435
3436
3437
3438
3439
3440
3441
3442
3443
3444
3445
3446
3447
3448
3449
3450
3451
3452
3453
3454
3455
3456
3457
3458
3459
3460
3461
3462
3463
3464
3465
3466
3467
3468
3469
3470
3471
3472
3473
3474
3475
3476
3477
3478
3479
3480
3481
3482
3483
3484
3485
3486
3487
3488
3489
3490
3491
3492
3493
3494
3495
3496
3497
3498
3499
3500
3501
3502
3503
3504
3505
3506
3507
3508
3509
3510
3511
3512
3513
3514
3515
3516
3517
3518
3519
3520
3521
3522
3523
3524
3525
3526
3527
3528
3529
3530
3531
3532
3533
3534
3535
3536
3537
3538
3539
3540
3541
3542
3543
3544
3545
3546
3547
3548
3549
3550
3551
3552
3553
3554
3555
3556
3557
3558
3559
3560
3561
3562
3563
3564
3565
3566
3567
3568
3569
3570
3571
3572
3573
3574
3575
3576
3577
3578
3579
3580
3581
3582
3583
3584
3585
3586
3587
3588
3589
3590
3591
3592
3593
3594
3595
3596
3597
3598
3599
3600
3601
3602
3603
3604
3605
3606
3607
3608
3609
3610
3611
3612
3613
3614
3615
3616
3617
3618
3619
3620
3621
3622
3623
3624
3625
3626
3627
3628
3629
3630
3631
3632
3633
3634
3635
3636
3637
3638
3639
3640
3641
3642
3643
3644
3645
3646
3647
3648
3649
3650
3651
3652
3653
3654
3655
3656
3657
3658
3659
3660
3661
3662
3663
3664
3665
3666
3667
3668
3669
3670
3671
3672
3673
3674
3675
3676
3677
3678
3679
3680
3681
3682
3683
3684
3685
3686
3687
3688
3689
3690
3691
3692
3693
3694
3695
3696
3697
3698
3699
3700
3701
3702
3703
3704
3705
3706
3707
3708
3709
3710
3711
3712
3713
3714
3715
3716
3717
3718
3719
3720
3721
3722
3723
3724
3725
3726
3727
3728
3729
3730
3731
3732
3733
3734
3735
3736
3737
3738
3739
3740
3741
3742
3743
3744
3745
3746
3747
3748
3749
3750
3751
3752
3753
3754
3755
3756
3757
3758
3759
3760
3761
3762
3763
3764
3765
3766
3767
3768
3769
3770
3771
3772
3773
3774
3775
3776
3777
3778
3779
3780
3781
3782
3783
3784
3785
3786
3787
3788
3789
3790
3791
3792
3793
3794
3795
3796
3797
3798
3799
3800
3801
3802
3803
3804
3805
3806
3807
3808
3809
3810
3811
3812
3813
3814
3815
3816
3817
3818
3819
3820
3821
3822
3823
3824
3825
3826
3827
3828
3829
3830
3831
3832
3833
3834
3835
3836
3837
3838
3839
3840
3841
3842
3843
3844
3845
3846
3847
3848
3849
3850
3851
3852
3853
3854
3855
3856
3857
3858
3859
3860
3861
3862
3863
3864
3865
3866
3867
3868
3869
3870
3871
3872
3873
3874
3875
3876
3877
3878
3879
3880
3881
3882
3883
3884
3885
3886
3887
3888
3889
3890
3891
3892
3893
3894
3895
3896
3897
3898
3899
3900
3901
3902
3903
3904
3905
3906
3907
3908
3909
3910
3911
3912
3913
3914
3915
3916
3917
3918
3919
3920
3921
3922
3923
3924
3925
3926
3927
3928
3929
3930
3931
3932
3933
3934
3935
3936
3937
3938
3939
3940
3941
3942
3943
3944
3945
3946
3947
3948
3949
3950
3951
3952
3953
3954
3955
3956
3957
3958
3959
3960
3961
3962
3963
3964
3965
3966
3967
3968
3969
3970
3971
3972
3973
3974
3975
3976
3977
3978
3979
3980
3981
3982
3983
3984
3985
3986
3987
3988
3989
3990
3991
3992
3993
3994
3995
3996
3997
3998
3999
4000
4001
4002
4003
4004
4005
4006
4007
4008
4009
4010
4011
4012
4013
4014
4015
4016
4017
4018
4019
4020
4021
4022
4023
4024
4025
4026
4027
4028
4029
4030
4031
4032
4033
4034
4035
4036
4037
4038
4039
4040
4041
4042
4043
4044
4045
4046
4047
4048
4049
4050
4051
4052
4053
4054
4055
4056
4057
4058
4059
4060
4061
4062
4063
4064
4065
4066
4067
4068
4069
4070
4071
4072
4073
4074
4075
4076
4077
4078
4079
4080
4081
4082
4083
4084
4085
4086
4087
4088
4089
4090
4091
4092
4093
4094
4095
4096
new rules
1
2049
1025
3073
513
2561
1537
3585
2
2050
1026
3074
514
2562
1538
3586
3
2051
1027
3075
515
2563
1539
3587
4
2052
1028
3076
516
2564
1540
3588
5
2053
1029
3077
517
2565
1541
3589
6
2054
1030
3078
518
2566
1542
3590
7
2055
1031
3079
519
2567
1543
3591
8
2056
1032
3080
520
2568
1544
3592
9
2057
1033
3081
521
2569
1545
3593
10
2058
1034
3082
522
2570
1546
3594
11
2059
1035
3083
523
2571
1547
3595
12
2060
1036
3084
524
2572
1548
3596
13
2061
1037
3085
525
2573
1549
3597
14
2062
1038
3086
526
2574
1550
3598
15
2063
1039
3087
527
2575
1551
3599
16
2064
1040
3088
528
2576
1552
3600
17
2065
1041
3089
529
2577
1553
3601
18
2066
1042
3090
530
2578
1554
3602
19
2067
1043
3091
531
2579
1555
3603
20
2068
1044
3092
532
2580
1556
3604
21
2069
1045
3093
533
2581
1557
3605
22
2070
1046
3094
534
2582
1558
3606
23
2071
1047
3095
535
2583
1559
3607
24
2072
1048
3096
536
2584
1560
3608
25
2073
1049
3097
537
2585
1561
3609
26
2074
1050
3098
538
2586
1562
3610
27
2075
1051
3099
539
2587
1563
3611
28
2076
1052
3100
540
2588
1564
3612
29
2077
1053
3101
541
2589
1565
3613
30
2078
1054
3102
542
2590
1566
3614
31
2079
1055
3103
543
2591
1567
3615
32
2080
1056
3104
544
2592
1568
3616
33
2081
1057
3105
545
2593
1569
3617
34
2082
1058
3106
546
2594
1570
3618
35
2083
1059
3107
547
2595
1571
3619
36
2084
1060
3108
548
2596
1572
3620
37
2085
1061
3109
549
2597
1573
3621
38
2086
1062
3110
550
2598
1574
3622
39
2087
1063
3111
551
2599
1575
3623
40
2088
1064
3112
552
2600
1576
3624
41
2089
1065
3113
553
2601
1577
3625
42
2090
1066
3114
554
2602
1578
3626
43
2091
1067
3115
555
2603
1579
3627
44
2092
1068
3116
556
2604
1580
3628
45
2093
1069
3117
557
2605
1581
3629
46
2094
1070
3118
558
2606
1582
3630
47
2095
1071
3119
559
2607
1583
3631
48
2096
1072
3120
560
2608
1584
3632
49
2097
1073
3121
561
2609
1585
3633
50
2098
1074
3122
562
2610
1586
3634
51
2099
1075
3123
563
2611
1587
3635
52
2100
1076
3124
564
2612
1588
3636
53
2101
1077
3125
565
2613
1589
3637
54
2102
1078
3126
566
2614
1590
3638
55
2103
1079
3127
567
2615
1591
3639
56
2104
1080
3128
568
2616
1592
3640
57
2105
1081
3129
569
2617
1593
3641
58
2106
1082
3130
570
2618
1594
3642
59
2107
1083
3131
571
2619
1595
3643
60
2108
1084
3132
572
2620
1596
3644
61
2109
1085
3133
573
2621
1597
3645
62
2110
1086
3134
574
2622
1598
3646
63
2111
1087
3135
575
2623
1599
3647
64
2112
1088
3136
576
2624
1600
3648
65
2113
1089
3137
577
2625
1601
3649
66
2114
1090
3138
578
2626
1602
3650
67
2115
1091
3139
579
2627
1603
3651
68
2116
1092
3140
580
2628
1604
3652
69
2117
1093
3141
581
2629
1605
3653
70
2118
1094
3142
582
2630
1606
3654
71
2119
1095
3143
583
2631
1607
3655
72
2120
1096
3144
584
2632
1608
3656
73
2121
1097
3145
585
2633
1609
3657
74
2122
1098
3146
586
2634
1610
3658
75
2123
1099
3147
587
2635
1611
3659
76
2124
1100
3148
588
2636
1612
3660
77
2125
1101
3149
589
2637
1613
3661
78
2126
1102
3150
590
2638
1614
3662
79
2127
1103
3151
591
2639
1615
3663
80
2128
1104
3152
592
2640
1616
3664
81
2129
1105
3153
593
2641
1617
3665
82
2130
1106
3154
594
2642
1618
3666
83
2131
1107
3155
595
2643
1619
3667
84
2132
1108
3156
596
2644
1620
3668
85
2133
1109
3157
597
2645
1621
3669
86
2134
1110
3158
598
2646
1622
3670
87
2135
1111
3159
599
2647
1623
3671
88
2136
1112
3160
600
2648
1624
3672
89
2137
1113
3161
601
2649
1625
3673
90
2138
1114
3162
602
2650
1626
3674
91
2139
1115
3163
603
2651
1627
3675
92
2140
1116
3164
604
2652
1628
3676
93
2141
1117
3165
605
2653
1629
3677
94
2142
1118
3166
606
2654
1630
3678
95
2143
1119
3167
607
2655
1631
3679
96
2144
1120
3168
608
2656
1632
3680
97
2145
1121
3169
609
2657
1633
3681
98
2146
1122
3170
610
2658
1634
3682
99
2147
1123
3171
611
2659
1635
3683
100
2148
1124
3172
612
2660
1636
3684
101
2149
1125
3173
613
2661
1637
3685
102
2150
1126
3174
614
2662
1638
3686
103
2151
1127
3175
615
2663
1639
3687
104
2152
1128
3176
616
2664
1640
3688
105
2153
1129
3177
617
2665
1641
3689
106
2154
1130
3178
618
2666
1642
3690
107
2155
1131
3179
619
2667
1643
3691
108
2156
1132
3180
620
2668
1644
3692
109
2157
1133
3181
621
2669
1645
3693
110
2158
1134
3182
622
2670
1646
3694
111
2159
1135
3183
623
2671
1647
3695
112
2160
1136
3184
624
2672
1648
3696
113
2161
1137
3185
625
2673
1649
3697
114
2162
1138
3186
626
2674
1650
3698
115
2163
1139
3187
627
2675
1651
3699
116
2164
1140
3188
628
2676
1652
3700
117
2165
1141
3189
629
2677
1653
3701
118
2166
1142
3190
630
2678
1654
3702
119
2167
1143
3191
631
2679
1655
3703
120
2168
1144
3192
632
2680
1656
3704
121
2169
1145
3193
633
2681
1657
3705
122
2170
1146
3194
634
2682
1658
3706
123
2171
1147
3195
635
2683
1659
3707
124
2172
1148
3196
636
2684
1660
3708
125
2173
1149
3197
637
2685
1661
3709
126
2174
1150
3198
638
2686
1662
3710
127
2175
1151
3199
639
2687
1663
3711
128
2176
1152
3200
640
2688
1664
3712
129
2177
1153
3201
641
2689
1665
3713
130
2178
1154
3202
642
2690
1666
3714
131
2179
1155
3203
643
2691
1667
3715
132
2180
1156
3204
644
2692
1668
3716
133
2181
1157
3205
645
2693
1669
3717
134
2182
1158
3206
646
2694
1670
3718
135
2183
1159
3207
647
2695
1671
3719
136
2184
1160
3208
648
2696
1672
3720
137
2185
1161
3209
649
2697
1673
3721
138
2186
1162
3210
650
2698
1674
3722
139
2187
1163
3211
651
2699
1675
3723
140
2188
1164
3212
652
2700
1676
3724
141
2189
1165
3213
653
2701
1677
3725
142
2190
1166
3214
654
2702
1678
3726
143
2191
1167
3215
655
2703
1679
3727
144
2192
1168
3216
656
2704
1680
3728
145
2193
1169
3217
657
2705
1681
3729
146
2194
1170
3218
658
2706
1682
3730
147
2195
1171
3219
659
2707
1683
3731
148
2196
1172
3220
660
2708
1684
3732
149
2197
1173
3221
661
2709
1685
3733
150
2198
1174
3222
662
2710
1686
3734
151
2199
1175
3223
663
2711
1687
3735
152
2200
1176
3224
664
2712
1688
3736
153
2201
1177
3225
665
2713
1689
3737
154
2202
1178
3226
666
2714
1690
3738
155
2203
1179
3227
667
2715
1691
3739
156
2204
1180
3228
668
2716
1692
3740
157
2205
1181
3229
669
2717
1693
3741
158
2206
1182
3230
670
2718
1694
3742
159
2207
1183
3231
671
2719
1695
3743
160
2208
1184
3232
672
2720
1696
3744
161
2209
1185
3233
673
2721
1697
3745
162
2210
1186
3234
674
2722
1698
3746
163
2211
1187
3235
675
2723
1699
3747
164
2212
1188
3236
676
2724
1700
3748
165
2213
1189
3237
677
2725
1701
3749
166
2214
1190
3238
678
2726
1702
3750
167
2215
1191
3239
679
2727
1703
3751
168
2216
1192
3240
680
2728
1704
3752
169
2217
1193
3241
681
2729
1705
3753
170
2218
1194
3242
682
2730
1706
3754
171
2219
1195
3243
683
2731
1707
3755
172
2220
1196
3244
684
2732
1708
3756
173
2221
1197
3245
685
2733
1709
3757
174
2222
1198
3246
686
2734
1710
3758
175
2223
1199
3247
687
2735
1711
3759
176
2224
1200
3248
688
2736
1712
3760
177
2225
1201
3249
689
2737
1713
3761
178
2226
1202
3250
690
2738
1714
3762
179
2227
1203
3251
691
2739
1715
3763
180
2228
1204
3252
692
2740
1716
3764
181
2229
1205
3253
693
2741
1717
3765
182
2230
1206
3254
694
2742
1718
3766
183
2231
1207
3255
695
2743
1719
3767
184
2232
1208
3256
696
2744
1720
3768
185
2233
1209
3257
697
2745
1721
3769
186
2234
1210
3258
698
2746
1722
3770
187
2235
1211
3259
699
2747
1723
3771
188
2236
1212
3260
700
2748
1724
3772
189
2237
1213
3261
701
2749
1725
3773
190
2238
1214
3262
702
2750
1726
3774
191
2239
1215
3263
703
2751
1727
3775
192
2240
1216
3264
704
2752
1728
3776
193
2241
1217
3265
705
2753
1729
3777
194
2242
1218
3266
706
2754
1730
3778
195
2243
1219
3267
707
2755
1731
3779
196
2244
1220
3268
708
2756
1732
3780
197
2245
1221
3269
709
2757
1733
3781
198
2246
1222
3270
710
2758
1734
3782
199
2247
1223
3271
711
2759
1735
3783
200
2248
1224
3272
712
2760
1736
3784
201
2249
1225
3273
713
2761
1737
3785
202
2250
1226
3274
714
2762
1738
3786
203
2251
1227
3275
715
2763
1739
3787
204
2252
1228
3276
716
2764
1740
3788
205
2253
1229
3277
717
2765
1741
3789
206
2254
1230
3278
718
2766
1742
3790
207
2255
1231
3279
719
2767
1743
3791
208
2256
1232
3280
720
2768
1744
3792
209
2257
1233
3281
721
2769
1745
3793
210
2258
1234
3282
722
2770
1746
3794
211
2259
1235
3283
723
2771
1747
3795
212
2260
1236
3284
724
2772
1748
3796
213
2261
1237
3285
725
2773
1749
3797
214
2262
1238
3286
726
2774
1750
3798
215
2263
1239
3287
727
2775
1751
3799
216
2264
1240
3288
728
2776
1752
3800
217
2265
1241
3289
729
2777
1753
3801
218
2266
1242
3290
730
2778
1754
3802
219
2267
1243
3291
731
2779
1755
3803
220
2268
1244
3292
732
2780
1756
3804
221
2269
1245
3293
733
2781
1757
3805
222
2270
1246
3294
734
2782
1758
3806
223
2271
1247
3295
735
2783
1759
3807
224
2272
1248
3296
736
2784
1760
3808
225
2273
1249
3297
737
2785
1761
3809
226
2274
1250
3298
738
2786
1762
3810
227
2275
1251
3299
739
2787
1763
3811
228
2276
1252
3300
740
2788
1764
3812
229
2277
1253
3301
741
2789
1765
3813
230
2278
1254
3302
742
2790
1766
3814
231
2279
1255
3303
743
2791
1767
3815
232
2280
1256
3304
744
2792
1768
3816
233
2281
1257
3305
745
2793
1769
3817
234
2282
1258
3306
746
2794
1770
3818
235
2283
1259
3307
747
2795
1771
3819
236
2284
1260
3308
748
2796
1772
3820
237
2285
1261
3309
749
2797
1773
3821
238
2286
1262
3310
750
2798
1774
3822
239
2287
1263
3311
751
2799
1775
3823
240
2288
1264
3312
752
2800
1776
3824
241
2289
1265
3313
753
2801
1777
3825
242
2290
1266
3314
754
2802
1778
3826
243
2291
1267
3315
755
2803
1779
3827
244
2292
1268
3316
756
2804
1780
3828
245
2293
1269
3317
757
2805
1781
3829
246
2294
1270
3318
758
2806
1782
3830
247
2295
1271
3319
759
2807
1783
3831
248
2296
1272
3320
760
2808
1784
3832
249
2297
1273
3321
761
2809
1785
3833
250
2298
1274
3322
762
2810
1786
3834
251
2299
1275
3323
763
2811
1787
3835
252
2300
1276
3324
764
2812
1788
3836
253
2301
1277
3325
765
2813
1789
3837
254
2302
1278
3326
766
2814
1790
3838
255
2303
1279
3327
767
2815
1791
3839
256
2304
1280
3328
768
2816
1792
3840
257
2305
1281
3329
769
2817
1793
3841
258
2306
1282
3330
770
2818
1794
3842
259
2307
1283
3331
771
2819
1795
3843
260
2308
1284
3332
772
2820
1796
3844
261
2309
1285
3333
773
2821
1797
3845
262
2310
1286
3334
774
2822
1798
3846
263
2311
1287
3335
775
2823
1799
3847
264
2312
1288
3336
776
2824
1800
3848
265
2313
1289
3337
777
2825
1801
3849
266
2314
1290
3338
778
2826
1802
3850
267
2315
1291
3339
779
2827
1803
3851
268
2316
1292
3340
780
2828
1804
3852
269
2317
1293
3341
781
2829
1805
3853
270
2318
1294
3342
782
2830
1806
3854
271
2319
1295
3343
783
2831
1807
3855
272
2320
1296
3344
784
2832
1808
3856
273
2321
1297
3345
785
2833
1809
3857
274
2322
1298
3346
786
2834
1810
3858
275
2323
1299
3347
787
2835
1811
3859
276
2324
1300
3348
788
2836
1812
3860
277
2325
1301
3349
789
2837
1813
3861
278
2326
1302
3350
790
2838
1814
3862
279
2327
1303
3351
791
2839
1815
3863
280
2328
1304
3352
792
2840
1816
3864
281
2329
1305
3353
793
2841
1817
3865
282
2330
1306
3354
794
2842
1818
3866
283
2331
1307
3355
795
2843
1819
3867
284
2332
1308
3356
796
2844
1820
3868
285
2333
1309
3357
797
2845
1821
3869
286
2334
1310
3358
798
2846
1822
3870
287
2335
1311
3359
799
2847
1823
3871
288
2336
1312
3360
800
2848
1824
3872
289
2337
1313
3361
801
2849
1825
3873
290
2338
1314
3362
802
2850
1826
3874
291
2339
1315
3363
803
2851
1827
3875
292
2340
1316
3364
804
2852
1828
3876
293
2341
1317
3365
805
2853
1829
3877
294
2342
1318
3366
806
2854
1830
3878
295
2343
1319
3367
807
2855
1831
3879
296
2344
1320
3368
808
2856
1832
3880
297
2345
1321
3369
809
2857
1833
3881
298
2346
1322
3370
810
2858
1834
3882
299
2347
1323
3371
811
2859
1835
3883
300
2348
1324
3372
812
2860
1836
3884
301
2349
1325
3373
813
2861
1837
3885
302
2350
1326
3374
814
2862
1838
3886
303
2351
1327
3375
815
2863
1839
3887
304
2352
1328
3376
816
2864
1840
3888
305
2353
1329
3377
817
2865
1841
3889
306
2354
1330
3378
818
2866
1842
3890
307
2355
1331
3379
819
2867
1843
3891
308
2356
1332
3380
820
2868
1844
3892
309
2357
1333
3381
821
2869
1845
3893
310
2358
1334
3382
822
2870
1846
3894
311
2359
1335
3383
823
2871
1847
3895
312
2360
1336
3384
824
2872
1848
3896
313
2361
1337
3385
825
2873
1849
3897
314
2362
1338
3386
826
2874
1850
3898
315
2363
1339
3387
827
2875
1851
3899
316
2364
1340
3388
828
2876
1852
3900
317
2365
1341
3389
829
2877
1853
3901
318
2366
1342
3390
830
2878
1854
3902
319
2367
1343
3391
831
2879
1855
3903
320
2368
1344
3392
832
2880
1856
3904
321
2369
1345
3393
833
2881
1857
3905
322
2370
1346
3394
834
2882
1858
3906
323
2371
1347
3395
835
2883
1859
3907
324
2372
1348
3396
836
2884
1860
3908
325
2373
1349
3397
837
2885
1861
3909
326
2374
1350
3398
838
2886
1862
3910
327
2375
1351
3399
839
2887
1863
3911
328
2376
1352
3400
840
2888
1864
3912
329
2377
1353
3401
841
2889
1865
3913
330
2378
1354
3402
842
2890
1866
3914
331
2379
1355
3403
843
2891
1867
3915
332
2380
1356
3404
844
2892
1868
3916
333
2381
1357
3405
845
2893
1869
3917
334
2382
1358
3406
846
2894
1870
3918
335
2383
1359
3407
847
2895
1871
3919
336
2384
1360
3408
848
2896
1872
3920
337
2385
1361
3409
849
2897
1873
3921
338
2386
1362
3410
850
2898
1874
3922
339
2387
1363
3411
851
2899
1875
3923
340
2388
1364
3412
852
2900
1876
3924
341
2389
1365
3413
853
2901
1877
3925
342
2390
1366
3414
854
2902
1878
3926
343
2391
1367
3415
855
2903
1879
3927
344
2392
1368
3416
856
2904
1880
3928
345
2393
1369
3417
857
2905
1881
3929
346
2394
1370
3418
858
2906
1882
3930
347
2395
1371
3419
859
2907
1883
3931
348
2396
1372
3420
860
2908
1884
3932
349
2397
1373
3421
861
2909
1885
3933
350
2398
1374
3422
862
2910
1886
3934
351
2399
1375
3423
863
2911
1887
3935
352
2400
1376
3424
864
2912
1888
3936
353
2401
1377
3425
865
2913
1889
3937
354
2402
1378
3426
866
2914
1890
3938
355
2403
1379
3427
867
2915
1891
3939
356
2404
1380
3428
868
2916
1892
3940
357
2405
1381
3429
869
2917
1893
3941
358
2406
1382
3430
870
2918
1894
3942
359
2407
1383
3431
871
2919
1895
3943
360
2408
1384
3432
872
2920
1896
3944
361
2409
1385
3433
873
2921
1897
3945
362
2410
1386
3434
874
2922
1898
3946
363
2411
1387
3435
875
2923
1899
3947
364
2412
1388
3436
876
2924
1900
3948
365
2413
1389
3437
877
2925
1901
3949
366
2414
1390
3438
878
2926
1902
3950
367
2415
1391
3439
879
2927
1903
3951
368
2416
1392
3440
880
2928
1904
3952
369
2417
1393
3441
881
2929
1905
3953
370
2418
1394
3442
882
2930
1906
3954
371
2419
1395
3443
883
2931
1907
3955
372
2420
1396
3444
884
2932
1908
3956
373
2421
1397
3445
885
2933
1909
3957
374
2422
1398
3446
886
2934
1910
3958
375
2423
1399
3447
887
2935
1911
3959
376
2424
1400
3448
888
2936
1912
3960
377
2425
1401
3449
889
2937
1913
3961
378
2426
1402
3450
890
2938
1914
3962
379
2427
1403
3451
891
2939
1915
3963
380
2428
1404
3452
892
2940
1916
3964
381
2429
1405
3453
893
2941
1917
3965
382
2430
1406
3454
894
2942
1918
3966
383
2431
1407
3455