old rules
1
2
3
4
5
6
7
8
9
10
11
12
13
14
15
16
17
18
19
20
21
22
23
24
25
26
27
28
29
30
31
32
33
34
35
36
37
38
39
40
41
42
43
44
45
46
47
48
49
50
51
52
53
54
55
56
57
58
59
60
61
62
63
64
65
66
67
68
69
70
71
72
73
74
75
76
77
78
79
80
81
82
83
84
85
86
87
88
89
90
91
92
93
94
95
96
97
98
99
100
101
102
103
104
105
106
107
108
109
110
111
112
113
114
115
116
117
118
119
120
121
122
123
124
125
126
127
128
129
130
131
132
133
134
135
136
137
138
139
140
141
142
143
144
145
146
147
148
149
150
151
152
153
154
155
156
157
158
159
160
161
162
163
164
165
166
167
168
169
170
171
172
173
174
175
176
177
178
179
180
181
182
183
184
185
186
187
188
189
190
191
192
193
194
195
196
197
198
199
200
201
202
203
204
205
206
207
208
209
210
211
212
213
214
215
216
217
218
219
220
221
222
223
224
225
226
227
228
229
230
231
232
233
234
235
236
237
238
239
240
241
242
243
244
245
246
247
248
249
250
251
252
253
254
255
256
257
258
259
260
261
262
263
264
265
266
267
268
269
270
271
272
273
274
275
276
277
278
279
280
281
282
283
284
285
286
287
288
289
290
291
292
293
294
295
296
297
298
299
300
301
302
303
304
305
306
307
308
309
310
311
312
313
314
315
316
317
318
319
320
321
322
323
324
325
326
327
328
329
330
331
332
333
334
335
336
337
338
339
340
341
342
343
344
345
346
347
348
349
350
351
352
353
354
355
356
357
358
359
360
361
362
363
364
365
366
367
368
369
370
371
372
373
374
375
376
377
378
379
380
381
382
383
384
385
386
387
388
389
390
391
392
393
394
395
396
397
398
399
400
401
402
403
404
405
406
407
408
409
410
411
412
413
414
415
416
417
418
419
420
421
422
423
424
425
426
427
428
429
430
431
432
433
434
435
436
437
438
439
440
441
442
443
444
445
446
447
448
449
450
451
452
453
454
455
456
457
458
459
460
461
462
463
464
465
466
467
468
469
470
471
472
473
474
475
476
477
478
479
480
481
482
483
484
485
486
487
488
489
490
491
492
493
494
495
496
497
498
499
500
501
502
503
504
505
506
507
508
509
510
511
512
new rules
1
257
129
385
65
321
193
449
2
258
130
386
66
322
194
450
3
259
131
387
67
323
195
451
4
260
132
388
68
324
196
452
5
261
133
389
69
325
197
453
6
262
134
390
70
326
198
454
7
263
135
391
71
327
199
455
8
264
136
392
72
328
200
456
9
265
137
393
73
329
201
457
10
266
138
394
74
330
202
458
11
267
139
395
75
331
203
459
12
268
140
396
76
332
204
460
13
269
141
397
77
333
205
461
14
270
142
398
78
334
206
462
15
271
143
399
79
335
207
463
16
272
144
400
80
336
208
464
17
273
145
401
81
337
209
465
18
274
146
402
82
338
210
466
19
275
147
403
83
339
211
467
20
276
148
404
84
340
212
468
21
277
149
405
85
341
213
469
22
278
150
406
86
342
214
470
23
279
151
407
87
343
215
471
24
280
152
408
88
344
216
472
25
281
153
409
89
345
217
473
26
282
154
410
90
346
218
474
27
283
155
411
91
347
219
475
28
284
156
412
92
348
220
476
29
285
157
413
93
349
221
477
30
286
158
414
94
350
222
478
31
287
159
415
95
351
223
479
32
288
160
416
96
352
224
480
33
289
161
417
97
353
225
481
34
290
162
418
98
354
226
482
35
291
163
419
99
355
227
483
36
292
164
420
100
356
228
484
37
293
165
421
101
357
229
485
38
294
166
422
102
358
230
486
39
295
167
423
103
359
231
487
40
296
168
424
104
360
232
488
41
297
169
425
105
361
233
489
42
298
170
426
106
362
234
490
43
299
171
427
107
363
235
491
44
300
172
428
108
364
236
492
45
301
173
429
109
365
237
493
46
302
174
430
110
366
238
494
47
303
175
431
111
367
239
495
48
304
176
432
112
368
240
496
49
305
177
433
113
369
241
497
50
306
178
434
114
370
242
498
51
307
179
435
115
371
243
499
52
308
180
436
116
372
244
500
53
309
181
437
117
373
245
501
54
310
182
438
118
374
246
502
55
311
183
439
119
375
247
503
56
312
184
440
120
376
248
504
57
313
185
441
121
377
249
505
58
314
186
442
122
378
250
506
59
315
187
443
123
379
251
507
60
316
188
444
124
380
252
508
61
317
189
445
125
381
253
509
62
318
190
446
126
382
254
510
63
319
191
447
127
383
255
511
64
320
192
448
128
384
256
512
